BEGIN
UPDATE Link SET GEO=GeomFromText('LINESTRING(2000.010160 3999.989840, 2299.994920 4094.996190, 2380.005080 4094.996190, 2554.991110 4044.003048, 2684.988570 3979.994920, 2764.998730 3979.994920, 2880.000000 3999.989840, 3000.000000 3999.989840)', 32618) WHERE link=21
UPDATE Link SET GEO=GeomFromText('LINESTRING(1025.013970 999.989840, 1129.011938 1115.387351, 1197.104394 1278.699517, 1237.886716 1505.593091, 1269.707899 1687.101854, 1301.407163 1895.798832, 1346.791974 2054.599949, 1405.801372 2181.610363, 1478.404877 2308.712217, 1578.196596 2385.796292, 1699.994920 2439.989840)', 32618) WHERE link=47
UPDATE Link SET GEO=GeomFromText('LINESTRING(2299.994920 2480.010160, 3788.092456 2503.906528, 4025.897892 2503.906528, 4154.188468 2515.001270, 4256.113792 2538.196596, 4349.291339 2572.608585, 4412.506985 2622.809246, 4466.395733 2695.290831, 4499.801880 2778.897638, 4512.786386 2879.298959, 4518.394717 2994.513589, 4518.394717 3135.697231, 4520.010160 3800.010160)', 32618) WHERE link=51
UPDATE Link SET GEO=GeomFromText('LINESTRING(4520.010160 4200.000000, 4549.301499 4387.787656, 4608.310897 4560.213360, 4698.989078 4700.909322, 4839.685039 4841.513843, 5000.010160 4974.986030)', 32618) WHERE link=53
UPDATE Link SET GEO=GeomFromText('LINESTRING(4974.986030 5000.010160, 4780.706121 4841.513843, 4649.093218 4700.909322, 4567.406655 4569.296419, 4508.488697 4396.901194, 4479.989840 4200.000000)', 32618) WHERE link=54
UPDATE Link SET GEO=GeomFromText('LINESTRING(4479.989840 3800.010160, 4491.694183 3113.202946, 4492.395225 2959.187198, 4484.988570 2873.690627, 4470.114300 2791.912624, 4437.896876 2709.707899, 4399.491999 2652.496825, 4339.994920 2604.185928, 4263.794768 2570.810262, 4183.906528 2550.297181, 4050.099060 2533.594107, 3858.714757 2533.594107, 2299.994920 2520.000000)', 32618) WHERE link=56
UPDATE Link SET GEO=GeomFromText('LINESTRING(1699.994920 2480.010160, 1573.685547 2431.211582, 1460.208280 2349.494539, 1383.093726 2231.597663, 1310.490221 2081.788164, 1274.188468 1932.100584, 1237.886716 1759.705359, 1210.698501 1609.987300, 1183.510287 1405.801372, 1119.898400 1192.501905, 999.989840 1025.013970)', 32618) WHERE link=60
UPDATE Link SET GEO=GeomFromText('LINESTRING(1699.994920 2439.989840, 1764.094488 2442.214884, 1805.394971 2440.294641, 1838.801118 2435.295911, 1865.410211 2420.604521, 1883.088646 2402.895606, 1904.699009 2386.192532, 1938.105156 2372.385065, 1962.702565 2359.705359, 1976.388113 2348.884938, 1987.208534 2331.206502, 2000.010160 2299.994920)', 32618) WHERE link=61
UPDATE Link SET GEO=GeomFromText('LINESTRING(2000.010160 2449.987300, 1991.201422 2418.592837, 1980.411481 2398.994158, 1962.702565 2387.198374, 1939.110998 2384.211328, 1916.494793 2389.088138, 1897.810516 2402.895606, 1889.001778 2419.598679, 1889.885700 2437.307595, 1900.706121 2459.893320, 1923.413767 2471.689103, 1949.992380 2480.010160)', 32618) WHERE link=62
UPDATE Link SET GEO=GeomFromText('LINESTRING(2049.997460 2480.010160, 2077.703835 2473.700787, 2097.302515 2466.812294, 2110.104140 2451.998984, 2117.998476 2431.394463, 2115.986792 2411.795784, 2104.191008 2394.086868, 2085.506731 2382.291085, 2062.890526 2378.298197, 2037.409195 2384.211328, 2021.590043 2398.994158, 2007.904496 2418.592837, 2000.010160 2449.987300)', 32618) WHERE link=63
UPDATE Link SET GEO=GeomFromText('LINESTRING(2000.010160 2299.994920, 2010.099060 2330.109220, 2017.688595 2347.909576, 2033.385827 2361.595123, 2064.902210 2371.501143, 2093.401067 2378.298197, 2115.011430 2392.105664, 2127.813056 2408.808738, 2146.497333 2434.411989, 2164.114808 2448.097536, 2184.810770 2456.997714, 2210.292101 2464.800610, 2245.709931 2472.694945, 2299.994920 2480.010160)', 32618) WHERE link=64
UPDATE Link SET GEO=GeomFromText('LINESTRING(2299.994920 2520.000000, 2252.598425 2527.711455, 2230.012700 2531.704343, 2204.409449 2537.586995, 2180.909322 2546.395733, 2151.404623 2558.191516, 2125.801372 2575.900432, 2106.202692 2599.491999, 2079.593599 2617.200914, 2050.088900 2628.996698, 2026.497333 2644.693929, 2011.805944 2667.310135, 2000.010160 2700.015240)', 32618) WHERE link=69
UPDATE Link SET GEO=GeomFromText('LINESTRING(2000.010160 2549.992380, 2009.794260 2587.696215, 2019.700279 2605.405131, 2037.409195 2615.189230, 2053.106426 2614.213868, 2069.809500 2610.312421, 2088.493777 2600.497841, 2101.203962 2579.801880, 2101.203962 2563.098806, 2094.406909 2540.513081, 2074.686309 2526.705613, 2049.997460 2520.000000)', 32618) WHERE link=70
UPDATE Link SET GEO=GeomFromText('LINESTRING(1949.992380 2520.000000, 1921.402083 2522.804166, 1901.711963 2532.588265, 1886.990094 2549.291339, 1886.014732 2574.894590, 1893.909068 2599.491999, 1909.606299 2615.189230, 1934.203708 2623.114046, 1959.685039 2622.108204, 1980.411481 2609.306579, 1991.201422 2586.690373, 2000.010160 2549.992380)', 32618) WHERE link=71
UPDATE Link SET GEO=GeomFromText('LINESTRING(2000.010160 2700.015240, 1989.189738 2661.397003, 1970.505461 2642.712725, 1941.000762 2633.903988, 1910.612141 2625.003810, 1884.003048 2607.294895, 1869.311659 2582.788926, 1846.695453 2551.303023, 1814.295149 2529.692659, 1783.815088 2511.008382, 1744.495809 2494.305309, 1699.994920 2480.010160)', 32618) WHERE link=72
COMMIT
